Model: lenet
Best epoch (by Val Macro-F1): 11
Test Accuracy: 0.996889
Test Macro-F1: 0.996890
Elapsed seconds: 1498.74

              precision    recall  f1-score   support

           1     0.9990    0.9990    0.9990      1000
           2     0.9920    0.9940    0.9930      1000
           3     0.9990    0.9970    0.9980      1000
           4     0.9970    0.9960    0.9965      1000
           5     0.9980    0.9970    0.9975      1000
           6     0.9940    0.9980    0.9960      1000
           7     0.9990    0.9980    0.9985      1000
           8     0.9990    0.9970    0.9980      1000
           9     0.9950    0.9960    0.9955      1000

    accuracy                         0.9969      9000
   macro avg     0.9969    0.9969    0.9969      9000
weighted avg     0.9969    0.9969    0.9969      9000
