Model: custom
Best epoch (by Val Macro-F1): 23
Test Accuracy: 0.995778
Test Macro-F1: 0.995782
Elapsed seconds: 17112.05

              precision    recall  f1-score   support

           1     0.9970    0.9980    0.9975      1000
           2     0.9852    0.9960    0.9906      1000
           3     0.9990    0.9940    0.9965      1000
           4     0.9910    0.9960    0.9935      1000
           5     0.9980    0.9960    0.9970      1000
           6     0.9970    0.9940    0.9955      1000
           7     0.9990    0.9990    0.9990      1000
           8     0.9970    0.9960    0.9965      1000
           9     0.9990    0.9930    0.9960      1000

    accuracy                         0.9958      9000
   macro avg     0.9958    0.9958    0.9958      9000
weighted avg     0.9958    0.9958    0.9958      9000
